cent -54 0 1
true -64 -1 1
= -26 -1 1
b -51 1 1
10 -61 -1 1
>= -34 -1 1
cent -54 0 1
true -64 -1 1
== -35 -1 1
and -41 -1 1
25 0 0 0
then -16 -1 1
s -51 2 1
x -51 3 1
b -51 1 1
+ -24 -1 1
4 -61 -1 1
3 -61 -1 1
* -21 -1 1
+ -24 -1 1
= -26 -1 1
write -5 -1 1
s -51 2 1
43 0 0 0
else -7 -1 1
x -51 3 1
y -51 4 1
== -35 -1 1
cent -54 0 1
true -64 -1 1
== -35 -1 1
or -42 -1 1
43 0 0 0
then -16 -1 1
m -51 7 1
a -51 5 1
x -51 3 1
* -21 -1 1
c -51 6 1
/ -22 -1 1
= -26 -1 1
write -5 -1 1
m -51 7 1
write -5 -1 1
cent -54 0 1
write -5 -1 1
y -51 4 1